sin^{2}(2theta_{23})	|Delta m^{2}_{32}|	Delta chi^{2}
0.900	0.00200	15.71
0.900	0.00205	13.71
0.900	0.00210	11.90
0.900	0.00215	10.29
0.900	0.00220	8.89
0.900	0.00225	7.71
0.900	0.00230	6.74
0.900	0.00235	6.00
0.900	0.00240	5.49
0.900	0.00245	5.20
0.900	0.00250	5.14
0.900	0.00255	5.29
0.900	0.00260	5.66
0.900	0.00265	6.24
0.900	0.00270	7.01
0.900	0.00275	7.97
0.900	0.00280	9.11
0.900	0.00285	10.43
0.900	0.00290	11.92
0.900	0.00295	13.57
0.900	0.00300	15.38
0.905	0.00200	15.29
0.905	0.00205	13.29
0.905	0.00210	11.48
0.905	0.00215	9.87
0.905	0.00220	8.47
0.905	0.00225	7.28
0.905	0.00230	6.32
0.905	0.00235	5.58
0.905	0.00240	5.07
0.905	0.00245	4.79
0.905	0.00250	4.73
0.905	0.00255	4.89
0.905	0.00260	5.27
0.905	0.00265	5.84
0.905	0.00270	6.62
0.905	0.00275	7.58
0.905	0.00280	8.73
0.905	0.00285	10.05
0.905	0.00290	11.54
0.905	0.00295	13.20
0.905	0.00300	15.00
0.910	0.00200	14.87
0.910	0.00205	12.86
0.910	0.00210	11.05
0.910	0.00215	9.44
0.910	0.00220	8.05
0.910	0.00225	6.86
0.910	0.00230	5.90
0.910	0.00235	5.17
0.910	0.00240	4.67
0.910	0.00245	4.39
0.910	0.00250	4.34
0.910	0.00255	4.50
0.910	0.00260	4.88
0.910	0.00265	5.46
0.910	0.00270	6.24
0.910	0.00275	7.21
0.910	0.00280	8.36
0.910	0.00285	9.69
0.910	0.00290	11.18
0.910	0.00295	12.83
0.910	0.00300	14.64
0.915	0.00200	14.45
0.915	0.00205	12.45
0.915	0.00210	10.64
0.915	0.00215	9.03
0.915	0.00220	7.63
0.915	0.00225	6.46
0.915	0.00230	5.50
0.915	0.00235	4.77
0.915	0.00240	4.27
0.915	0.00245	4.00
0.915	0.00250	3.96
0.915	0.00255	4.13
0.915	0.00260	4.51
0.915	0.00265	5.10
0.915	0.00270	5.88
0.915	0.00275	6.85
0.915	0.00280	8.00
0.915	0.00285	9.33
0.915	0.00290	10.82
0.915	0.00295	12.48
0.915	0.00300	14.29
0.920	0.00200	14.04
0.920	0.00205	12.04
0.920	0.00210	10.23
0.920	0.00215	8.63
0.920	0.00220	7.23
0.920	0.00225	6.06
0.920	0.00230	5.11
0.920	0.00235	4.39
0.920	0.00240	3.89
0.920	0.00245	3.63
0.920	0.00250	3.59
0.920	0.00255	3.77
0.920	0.00260	4.15
0.920	0.00265	4.74
0.920	0.00270	5.53
0.920	0.00275	6.50
0.920	0.00280	7.66
0.920	0.00285	8.99
0.920	0.00290	10.48
0.920	0.00295	12.14
0.920	0.00300	13.95
0.925	0.00200	13.64
0.925	0.00205	11.64
0.925	0.00210	9.83
0.925	0.00215	8.23
0.925	0.00220	6.84
0.925	0.00225	5.67
0.925	0.00230	4.73
0.925	0.00235	4.01
0.925	0.00240	3.53
0.925	0.00245	3.27
0.925	0.00250	3.24
0.925	0.00255	3.42
0.925	0.00260	3.81
0.925	0.00265	4.41
0.925	0.00270	5.20
0.925	0.00275	6.17
0.925	0.00280	7.33
0.925	0.00285	8.66
0.925	0.00290	10.15
0.925	0.00295	11.81
0.925	0.00300	13.62
0.930	0.00200	13.25
0.930	0.00205	11.25
0.930	0.00210	9.44
0.930	0.00215	7.84
0.930	0.00220	6.46
0.930	0.00225	5.30
0.930	0.00230	4.36
0.930	0.00235	3.65
0.930	0.00240	3.17
0.930	0.00245	2.92
0.930	0.00250	2.90
0.930	0.00255	3.09
0.930	0.00260	3.48
0.930	0.00265	4.08
0.930	0.00270	4.88
0.930	0.00275	5.85
0.930	0.00280	7.01
0.930	0.00285	8.34
0.930	0.00290	9.84
0.930	0.00295	11.50
0.930	0.00300	13.31
0.935	0.00200	12.86
0.935	0.00205	10.86
0.935	0.00210	9.06
0.935	0.00215	7.47
0.935	0.00220	6.09
0.935	0.00225	4.93
0.935	0.00230	4.00
0.935	0.00235	3.30
0.935	0.00240	2.83
0.935	0.00245	2.59
0.935	0.00250	2.57
0.935	0.00255	2.77
0.935	0.00260	3.17
0.935	0.00265	3.78
0.935	0.00270	4.57
0.935	0.00275	5.55
0.935	0.00280	6.71
0.935	0.00285	8.04
0.935	0.00290	9.54
0.935	0.00295	11.20
0.935	0.00300	13.01
0.940	0.00200	12.48
0.940	0.00205	10.49
0.940	0.00210	8.69
0.940	0.00215	7.10
0.940	0.00220	5.73
0.940	0.00225	4.58
0.940	0.00230	3.65
0.940	0.00235	2.97
0.940	0.00240	2.51
0.940	0.00245	2.27
0.940	0.00250	2.26
0.940	0.00255	2.47
0.940	0.00260	2.88
0.940	0.00265	3.49
0.940	0.00270	4.29
0.940	0.00275	5.27
0.940	0.00280	6.43
0.940	0.00285	7.76
0.940	0.00290	9.26
0.940	0.00295	10.91
0.940	0.00300	12.72
0.945	0.00200	12.11
0.945	0.00205	10.12
0.945	0.00210	8.33
0.945	0.00215	6.74
0.945	0.00220	5.38
0.945	0.00225	4.24
0.945	0.00230	3.32
0.945	0.00235	2.64
0.945	0.00240	2.20
0.945	0.00245	1.97
0.945	0.00250	1.97
0.945	0.00255	2.18
0.945	0.00260	2.60
0.945	0.00265	3.21
0.945	0.00270	4.02
0.945	0.00275	5.00
0.945	0.00280	6.16
0.945	0.00285	7.49
0.945	0.00290	8.99
0.945	0.00295	10.64
0.945	0.00300	12.45
0.950	0.00200	11.75
0.950	0.00205	9.76
0.950	0.00210	7.97
0.950	0.00215	6.40
0.950	0.00220	5.04
0.950	0.00225	3.91
0.950	0.00230	3.01
0.950	0.00235	2.34
0.950	0.00240	1.90
0.950	0.00245	1.69
0.950	0.00250	1.70
0.950	0.00255	1.92
0.950	0.00260	2.34
0.950	0.00265	2.96
0.950	0.00270	3.77
0.950	0.00275	4.75
0.950	0.00280	5.91
0.950	0.00285	7.24
0.950	0.00290	8.74
0.950	0.00295	10.39
0.950	0.00300	12.19
0.955	0.00200	11.39
0.955	0.00205	9.41
0.955	0.00210	7.63
0.955	0.00215	6.07
0.955	0.00220	4.72
0.955	0.00225	3.60
0.955	0.00230	2.71
0.955	0.00235	2.05
0.955	0.00240	1.62
0.955	0.00245	1.42
0.955	0.00250	1.44
0.955	0.00255	1.67
0.955	0.00260	2.10
0.955	0.00265	2.73
0.955	0.00270	3.54
0.955	0.00275	4.53
0.955	0.00280	5.69
0.955	0.00285	7.01
0.955	0.00290	8.50
0.955	0.00295	10.15
0.955	0.00300	11.96
0.960	0.00200	11.05
0.960	0.00205	9.07
0.960	0.00210	7.30
0.960	0.00215	5.75
0.960	0.00220	4.41
0.960	0.00225	3.30
0.960	0.00230	2.42
0.960	0.00235	1.78
0.960	0.00240	1.36
0.960	0.00245	1.18
0.960	0.00250	1.21
0.960	0.00255	1.44
0.960	0.00260	1.88
0.960	0.00265	2.51
0.960	0.00270	3.33
0.960	0.00275	4.32
0.960	0.00280	5.48
0.960	0.00285	6.80
0.960	0.00290	8.29
0.960	0.00295	9.94
0.960	0.00300	11.73
0.965	0.00200	10.71
0.965	0.00205	8.75
0.965	0.00210	6.98
0.965	0.00215	5.44
0.965	0.00220	4.11
0.965	0.00225	3.01
0.965	0.00230	2.15
0.965	0.00235	1.52
0.965	0.00240	1.12
0.965	0.00245	0.95
0.965	0.00250	0.99
0.965	0.00255	1.24
0.965	0.00260	1.69
0.965	0.00265	2.32
0.965	0.00270	3.14
0.965	0.00275	4.13
0.965	0.00280	5.29
0.965	0.00285	6.61
0.965	0.00290	8.10
0.965	0.00295	9.74
0.965	0.00300	11.53
0.970	0.00200	10.39
0.970	0.00205	8.43
0.970	0.00210	6.68
0.970	0.00215	5.14
0.970	0.00220	3.83
0.970	0.00225	2.75
0.970	0.00230	1.90
0.970	0.00235	1.29
0.970	0.00240	0.90
0.970	0.00245	0.74
0.970	0.00250	0.80
0.970	0.00255	1.05
0.970	0.00260	1.51
0.970	0.00265	2.15
0.970	0.00270	2.97
0.970	0.00275	3.97
0.970	0.00280	5.12
0.970	0.00285	6.45
0.970	0.00290	7.92
0.970	0.00295	9.56
0.970	0.00300	11.34
0.975	0.00200	10.08
0.975	0.00205	8.13
0.975	0.00210	6.39
0.975	0.00215	4.87
0.975	0.00220	3.57
0.975	0.00225	2.50
0.975	0.00230	1.66
0.975	0.00235	1.07
0.975	0.00240	0.70
0.975	0.00245	0.55
0.975	0.00250	0.62
0.975	0.00255	0.89
0.975	0.00260	1.36
0.975	0.00265	2.01
0.975	0.00270	2.83
0.975	0.00275	3.83
0.975	0.00280	4.98
0.975	0.00285	6.30
0.975	0.00290	7.77
0.975	0.00295	9.40
0.975	0.00300	11.18
0.980	0.00200	9.78
0.980	0.00205	7.84
0.980	0.00210	6.11
0.980	0.00215	4.60
0.980	0.00220	3.32
0.980	0.00225	2.27
0.980	0.00230	1.45
0.980	0.00235	0.87
0.980	0.00240	0.52
0.980	0.00245	0.39
0.980	0.00250	0.47
0.980	0.00255	0.76
0.980	0.00260	1.23
0.980	0.00265	1.89
0.980	0.00270	2.72
0.980	0.00275	3.71
0.980	0.00280	4.86
0.980	0.00285	6.18
0.980	0.00290	7.64
0.980	0.00295	9.26
0.980	0.00300	11.03
0.985	0.00200	9.50
0.985	0.00205	7.57
0.985	0.00210	5.85
0.985	0.00215	4.36
0.985	0.00220	3.09
0.985	0.00225	2.05
0.985	0.00230	1.26
0.985	0.00235	0.69
0.985	0.00240	0.36
0.985	0.00245	0.25
0.985	0.00250	0.35
0.985	0.00255	0.64
0.985	0.00260	1.13
0.985	0.00265	1.79
0.985	0.00270	2.62
0.985	0.00275	3.62
0.985	0.00280	4.77
0.985	0.00285	6.08
0.985	0.00290	7.54
0.985	0.00295	9.15
0.985	0.00300	10.91
0.990	0.00200	9.24
0.990	0.00205	7.32
0.990	0.00210	5.62
0.990	0.00215	4.14
0.990	0.00220	2.88
0.990	0.00225	1.86
0.990	0.00230	1.09
0.990	0.00235	0.54
0.990	0.00240	0.23
0.990	0.00245	0.13
0.990	0.00250	0.25
0.990	0.00255	0.56
0.990	0.00260	1.05
0.990	0.00265	1.72
0.990	0.00270	2.56
0.990	0.00275	3.55
0.990	0.00280	4.70
0.990	0.00285	6.00
0.990	0.00290	7.46
0.990	0.00295	9.06
0.990	0.00300	10.80
0.995	0.00200	9.01
0.995	0.00205	7.10
0.995	0.00210	5.41
0.995	0.00215	3.95
0.995	0.00220	2.71
0.995	0.00225	1.71
0.995	0.00230	0.95
0.995	0.00235	0.42
0.995	0.00240	0.12
0.995	0.00245	0.05
0.995	0.00250	0.17
0.995	0.00255	0.50
0.995	0.00260	1.00
0.995	0.00265	1.68
0.995	0.00270	2.52
0.995	0.00275	3.51
0.995	0.00280	4.66
0.995	0.00285	5.95
0.995	0.00290	7.40
0.995	0.00295	8.99
0.995	0.00300	10.72
1.000	0.00200	8.96
1.000	0.00205	7.06
1.000	0.00210	5.37
1.000	0.00215	3.90
1.000	0.00220	2.67
1.000	0.00225	1.67
1.000	0.00230	0.91
1.000	0.00235	0.39
1.000	0.00240	0.10
1.000	0.00245	0.02
1.000	0.00250	0.15
1.000	0.00255	0.48
1.000	0.00260	0.98
1.000	0.00265	1.66
1.000	0.00270	2.50
1.000	0.00275	3.49
1.000	0.00280	4.64
1.000	0.00285	5.93
1.000	0.00290	7.37
1.000	0.00295	8.95
1.000	0.00300	10.69
